(kicad_pcb (version 20171130) (host pcbnew 5.1.7)

  (general
    (thickness 1)
    (drawings 8)
    (tracks 0)
    (zones 0)
    (modules 27)
    (nets 53)
  )

  (page A4)
  (title_block
    (title FM01-ES2-1-PCB)
    (date 2020-10-28)
    (rev v0.1)
    (company sceext)
  )

  (layers
    (0 F.Cu mixed)
    (31 B.Cu mixed)
    (32 B.Adhes user)
    (33 F.Adhes user)
    (34 B.Paste user)
    (35 F.Paste user)
    (36 B.SilkS user)
    (37 F.SilkS user)
    (38 B.Mask user)
    (39 F.Mask user)
    (40 Dwgs.User user)
    (41 Cmts.User user)
    (42 Eco1.User user)
    (43 Eco2.User user)
    (44 Edge.Cuts user)
    (45 Margin user)
    (46 B.CrtYd user)
    (47 F.CrtYd user)
    (48 B.Fab user)
    (49 F.Fab user)
  )

  (setup
    (last_trace_width 0.25)
    (trace_clearance 0.2)
    (zone_clearance 0.508)
    (zone_45_only no)
    (trace_min 0.2)
    (via_size 0.8)
    (via_drill 0.4)
    (via_min_size 0.4)
    (via_min_drill 0.3)
    (uvia_size 0.3)
    (uvia_drill 0.1)
    (uvias_allowed no)
    (uvia_min_size 0.2)
    (uvia_min_drill 0.1)
    (edge_width 1)
    (segment_width 0.2)
    (pcb_text_width 0.2)
    (pcb_text_size 1 1)
    (mod_edge_width 0.2)
    (mod_text_size 0.4 0.4)
    (mod_text_width 0.1)
    (pad_size 1.524 1.524)
    (pad_drill 0.762)
    (pad_to_mask_clearance 0)
    (aux_axis_origin 180 68)
    (grid_origin 190 84)
    (visible_elements FFFDFF7F)
    (pcbplotparams
      (layerselection 0x010fc_ffffffff)
      (usegerberextensions false)
      (usegerberattributes true)
      (usegerberadvancedattributes true)
      (creategerberjobfile true)
      (excludeedgelayer true)
      (linewidth 0.100000)
      (plotframeref false)
      (viasonmask false)
      (mode 1)
      (useauxorigin false)
      (hpglpennumber 1)
      (hpglpenspeed 20)
      (hpglpendiameter 15.000000)
      (psnegative false)
      (psa4output false)
      (plotreference true)
      (plotvalue true)
      (plotinvisibletext false)
      (padsonsilk false)
      (subtractmaskfromsilk false)
      (outputformat 1)
      (mirror false)
      (drillshape 1)
      (scaleselection 1)
      (outputdirectory ""))
  )

  (net 0 "")
  (net 1 GND)
  (net 2 +3V3)
  (net 3 /EN)
  (net 4 /RESET)
  (net 5 /USB_D1-)
  (net 6 /USB_D1+)
  (net 7 "Net-(D1-Pad2)")
  (net 8 "Net-(D2-Pad2)")
  (net 9 /LED1)
  (net 10 "Net-(J1-Pad4)")
  (net 11 "Net-(J1-Pad1)")
  (net 12 /IO8)
  (net 13 /IO7)
  (net 14 /IO6)
  (net 15 /IO5)
  (net 16 /IO4)
  (net 17 /IO3)
  (net 18 /IO2)
  (net 19 /IO1)
  (net 20 /VBAT)
  (net 21 /IO18)
  (net 22 /IO17)
  (net 23 /IO16)
  (net 24 /IO15)
  (net 25 /IO14)
  (net 26 /IO13)
  (net 27 /VI)
  (net 28 /IO12)
  (net 29 /IO11)
  (net 30 /IO10)
  (net 31 /IO9)
  (net 32 /IO33)
  (net 33 /IO34)
  (net 34 /IO35)
  (net 35 /IO36)
  (net 36 /IO37)
  (net 37 /IO38)
  (net 38 /TCK)
  (net 39 /TDO)
  (net 40 /TDI)
  (net 41 /TMS)
  (net 42 /TXD0)
  (net 43 /RXD0)
  (net 44 /BOOT_LOG)
  (net 45 /BOOT)
  (net 46 /USB_D0-)
  (net 47 /USB_D0+)
  (net 48 "Net-(R30-Pad2)")
  (net 49 "Net-(R31-Pad1)")
  (net 50 "Net-(R33-Pad1)")
  (net 51 "Net-(U1-Pad25)")
  (net 52 "Net-(U1-Pad39)")

  (net_class Default "This is the default net class."
    (clearance 0.2)
    (trace_width 0.25)
    (via_dia 0.8)
    (via_drill 0.4)
    (uvia_dia 0.3)
    (uvia_drill 0.1)
    (add_net +3V3)
    (add_net /BOOT)
    (add_net /BOOT_LOG)
    (add_net /EN)
    (add_net /IO1)
    (add_net /IO10)
    (add_net /IO11)
    (add_net /IO12)
    (add_net /IO13)
    (add_net /IO14)
    (add_net /IO15)
    (add_net /IO16)
    (add_net /IO17)
    (add_net /IO18)
    (add_net /IO2)
    (add_net /IO3)
    (add_net /IO33)
    (add_net /IO34)
    (add_net /IO35)
    (add_net /IO36)
    (add_net /IO37)
    (add_net /IO38)
    (add_net /IO4)
    (add_net /IO5)
    (add_net /IO6)
    (add_net /IO7)
    (add_net /IO8)
    (add_net /IO9)
    (add_net /LED1)
    (add_net /RESET)
    (add_net /RXD0)
    (add_net /TCK)
    (add_net /TDI)
    (add_net /TDO)
    (add_net /TMS)
    (add_net /TXD0)
    (add_net /USB_D0+)
    (add_net /USB_D0-)
    (add_net /USB_D1+)
    (add_net /USB_D1-)
    (add_net /VBAT)
    (add_net /VI)
    (add_net GND)
    (add_net "Net-(D1-Pad2)")
    (add_net "Net-(D2-Pad2)")
    (add_net "Net-(J1-Pad1)")
    (add_net "Net-(J1-Pad4)")
    (add_net "Net-(R30-Pad2)")
    (add_net "Net-(R31-Pad1)")
    (add_net "Net-(R33-Pad1)")
    (add_net "Net-(U1-Pad25)")
    (add_net "Net-(U1-Pad39)")
  )

  (module RF_Module:ESP32-S2-WROVER (layer F.Cu) (tedit 5E764C18) (tstamp 5F99AE3F)
    (at 190 81)
    (descr "ESP32-S2-WROVER(-I) 2.4 GHz Wi-Fi https://www.espressif.com/sites/default/files/documentation/esp32-s2-wroom_esp32-s2-wroom-i_datasheet_en.pdf")
    (tags "ESP32-S2  ESP32  WIFI")
    (path /5F983AD7)
    (attr smd)
    (fp_text reference U1 (at -8.5 13 90) (layer F.SilkS) hide
      (effects (font (size 0.4 0.4) (thickness 0.1)))
    )
    (fp_text value ESP32-S2-WROVER-I (at 0.04 13.145 180) (layer F.Fab)
      (effects (font (size 1 1) (thickness 0.15)))
    )
    (fp_text user ANTENNA (at 0 -16.15) (layer Cmts.User)
      (effects (font (size 1.25 1.25) (thickness 0.15)))
    )
    (fp_text user "KEEP-OUT ZONE" (at 0 -27.09) (layer Cmts.User)
      (effects (font (size 2 2) (thickness 0.15)))
    )
    (fp_text user %R (at 0 0) (layer F.Fab)
      (effects (font (size 0.4 0.4) (thickness 0.1)))
    )
    (fp_line (start 9 -13.023) (end -9 -13.023) (layer F.Fab) (width 0.1))
    (fp_line (start 9 -19.32) (end 9 11.68) (layer F.Fab) (width 0.1))
    (fp_line (start -9 -19.323) (end 9 -19.323) (layer F.Fab) (width 0.1))
    (fp_line (start -9 -19.32) (end -9 -13.02) (layer F.Fab) (width 0.1))
    (fp_line (start -9 11.68) (end 9 11.68) (layer F.Fab) (width 0.1))
    (fp_line (start -9.12 11.8) (end -7.46 11.8) (layer F.SilkS) (width 0.12))
    (fp_line (start -9.12 11.44) (end -9.12 11.8) (layer F.SilkS) (width 0.12))
    (fp_line (start 9.12 11.8) (end 7.46 11.8) (layer F.SilkS) (width 0.12))
    (fp_line (start 9.12 11.54) (end 9.12 11.8) (layer F.SilkS) (width 0.12))
    (fp_line (start -9.125 -19.45) (end 9.13 -19.45) (layer F.SilkS) (width 0.12))
    (fp_line (start -9.11 -12.37) (end -9.125 -19.45) (layer F.SilkS) (width 0.12))
    (fp_line (start 9.13 -13.03) (end 9.13 -19.45) (layer F.SilkS) (width 0.12))
    (fp_line (start -9.63 -12.77) (end -9.63 12.47) (layer F.CrtYd) (width 0.05))
    (fp_line (start 9.63 12.47) (end 9.63 -12.77) (layer F.CrtYd) (width 0.05))
    (fp_line (start -9.63 12.47) (end 9.63 12.47) (layer F.CrtYd) (width 0.05))
    (fp_line (start -9.11 -12.37) (end -9.5 -12.37) (layer F.SilkS) (width 0.12))
    (fp_line (start -24 -13.023) (end 24 -13.023) (layer Dwgs.User) (width 0.12))
    (fp_line (start -24 -34.323) (end 24 -34.323) (layer Dwgs.User) (width 0.12))
    (fp_line (start 24 -34.323) (end 24 -13.023) (layer Dwgs.User) (width 0.12))
    (fp_line (start -24 -34.323) (end -24 -13.023) (layer Dwgs.User) (width 0.12))
    (fp_line (start 24 -15.03) (end 22 -13.03) (layer Dwgs.User) (width 0.12))
    (fp_line (start 24 -20.04) (end 17 -13.03) (layer Dwgs.User) (width 0.12))
    (fp_line (start 24 -25.02) (end 12 -13.03) (layer Dwgs.User) (width 0.12))
    (fp_line (start 24 -30.04) (end 7.01 -13.03) (layer Dwgs.User) (width 0.12))
    (fp_line (start 23.28 -34.32) (end 2 -13.03) (layer Dwgs.User) (width 0.12))
    (fp_line (start 18.31 -34.32) (end -2.95 -13.03) (layer Dwgs.User) (width 0.12))
    (fp_line (start 13.28 -34.32) (end -7.99 -13.03) (layer Dwgs.User) (width 0.12))
    (fp_line (start 8.26 -34.32) (end -13.01 -13.02) (layer Dwgs.User) (width 0.12))
    (fp_line (start 3.27 -34.32) (end -18 -13.03) (layer Dwgs.User) (width 0.12))
    (fp_line (start -1.73 -34.32) (end -23 -13.03) (layer Dwgs.User) (width 0.12))
    (fp_line (start -6.7 -34.32) (end -24 -17.01) (layer Dwgs.User) (width 0.12))
    (fp_line (start -11.69 -34.32) (end -24 -22.01) (layer Dwgs.User) (width 0.12))
    (fp_line (start -16.69 -34.32) (end -24 -27) (layer Dwgs.User) (width 0.12))
    (fp_line (start -21.69 -34.32) (end -23.99 -32.02) (layer Dwgs.User) (width 0.12))
    (fp_line (start 9.63 -12.77) (end 24.25 -12.77) (layer F.CrtYd) (width 0.05))
    (fp_line (start 24.25 -12.77) (end 24.25 -34.57) (layer F.CrtYd) (width 0.05))
    (fp_line (start 24.25 -34.57) (end -24.25 -34.57) (layer F.CrtYd) (width 0.05))
    (fp_line (start -24.25 -34.57) (end -24.25 -12.77) (layer F.CrtYd) (width 0.05))
    (fp_line (start -24.25 -12.77) (end -9.63 -12.77) (layer F.CrtYd) (width 0.05))
    (fp_line (start -9 -12.02) (end -8.5 -12.52) (layer F.Fab) (width 0.1))
    (fp_line (start -8.5 -12.52) (end -9 -13.02) (layer F.Fab) (width 0.1))
    (fp_line (start -9 -12.02) (end -9 11.68) (layer F.Fab) (width 0.1))
    (pad 1 smd rect (at -8.625 -11.775) (size 1.5 0.9) (layers F.Cu F.Paste F.Mask)
      (net 1 GND))
    (pad 15 smd rect (at -8.625 9.225 180) (size 1.5 0.9) (layers F.Cu F.Paste F.Mask)
      (net 28 /IO12))
    (pad 16 smd rect (at -8.625 10.725 180) (size 1.5 0.9) (layers F.Cu F.Paste F.Mask)
      (net 26 /IO13))
    (pad 17 smd rect (at -6.75 11.475) (size 0.9 1.5) (layers F.Cu F.Paste F.Mask)
      (net 25 /IO14))
    (pad 18 smd rect (at -5.25 11.475) (size 0.9 1.5) (layers F.Cu F.Paste F.Mask)
      (net 24 /IO15))
    (pad 19 smd rect (at -3.75 11.475) (size 0.9 1.5) (layers F.Cu F.Paste F.Mask)
      (net 23 /IO16))
    (pad 20 smd rect (at -2.25 11.475) (size 0.9 1.5) (layers F.Cu F.Paste F.Mask)
      (net 22 /IO17))
    (pad 21 smd rect (at -0.75 11.475) (size 0.9 1.5) (layers F.Cu F.Paste F.Mask)
      (net 21 /IO18))
    (pad 22 smd rect (at 0.75 11.475) (size 0.9 1.5) (layers F.Cu F.Paste F.Mask)
      (net 46 /USB_D0-))
    (pad 23 smd rect (at 2.25 11.475) (size 0.9 1.5) (layers F.Cu F.Paste F.Mask)
      (net 47 /USB_D0+))
    (pad 24 smd rect (at 3.75 11.475) (size 0.9 1.5) (layers F.Cu F.Paste F.Mask)
      (net 9 /LED1))
    (pad 2 smd rect (at -8.625 -10.275) (size 1.5 0.9) (layers F.Cu F.Paste F.Mask)
      (net 2 +3V3))
    (pad 3 smd rect (at -8.625 -8.775) (size 1.5 0.9) (layers F.Cu F.Paste F.Mask)
      (net 45 /BOOT))
    (pad 4 smd rect (at -8.625 -7.275) (size 1.5 0.9) (layers F.Cu F.Paste F.Mask)
      (net 19 /IO1))
    (pad 5 smd rect (at -8.625 -5.775) (size 1.5 0.9) (layers F.Cu F.Paste F.Mask)
      (net 18 /IO2))
    (pad 6 smd rect (at -8.625 -4.275) (size 1.5 0.9) (layers F.Cu F.Paste F.Mask)
      (net 17 /IO3))
    (pad 7 smd rect (at -8.625 -2.775) (size 1.5 0.9) (layers F.Cu F.Paste F.Mask)
      (net 16 /IO4))
    (pad 8 smd rect (at -8.625 -1.275) (size 1.5 0.9) (layers F.Cu F.Paste F.Mask)
      (net 15 /IO5))
    (pad 9 smd rect (at -8.625 0.225) (size 1.5 0.9) (layers F.Cu F.Paste F.Mask)
      (net 14 /IO6))
    (pad 10 smd rect (at -8.625 1.725) (size 1.5 0.9) (layers F.Cu F.Paste F.Mask)
      (net 13 /IO7))
    (pad 11 smd rect (at -8.625 3.225) (size 1.5 0.9) (layers F.Cu F.Paste F.Mask)
      (net 12 /IO8))
    (pad 12 smd rect (at -8.625 4.725) (size 1.5 0.9) (layers F.Cu F.Paste F.Mask)
      (net 31 /IO9))
    (pad 13 smd rect (at -8.625 6.225) (size 1.5 0.9) (layers F.Cu F.Paste F.Mask)
      (net 30 /IO10))
    (pad 14 smd rect (at -8.625 7.725) (size 1.5 0.9) (layers F.Cu F.Paste F.Mask)
      (net 29 /IO11))
    (pad 38 smd rect (at 8.625 -5.675) (size 1.5 0.9) (layers F.Cu F.Paste F.Mask)
      (net 43 /RXD0))
    (pad 37 smd rect (at 8.625 -4.175) (size 1.5 0.9) (layers F.Cu F.Paste F.Mask)
      (net 42 /TXD0))
    (pad 36 smd rect (at 8.625 -2.675) (size 1.5 0.9) (layers F.Cu F.Paste F.Mask)
      (net 41 /TMS))
    (pad 35 smd rect (at 8.625 -1.175) (size 1.5 0.9) (layers F.Cu F.Paste F.Mask)
      (net 40 /TDI))
    (pad 34 smd rect (at 8.625 0.325) (size 1.5 0.9) (layers F.Cu F.Paste F.Mask)
      (net 39 /TDO))
    (pad 33 smd rect (at 8.625 1.825) (size 1.5 0.9) (layers F.Cu F.Paste F.Mask)
      (net 38 /TCK))
    (pad 32 smd rect (at 8.625 3.325) (size 1.5 0.9) (layers F.Cu F.Paste F.Mask)
      (net 37 /IO38))
    (pad 31 smd rect (at 8.625 4.825) (size 1.5 0.9) (layers F.Cu F.Paste F.Mask)
      (net 36 /IO37))
    (pad 30 smd rect (at 8.625 6.325) (size 1.5 0.9) (layers F.Cu F.Paste F.Mask)
      (net 35 /IO36))
    (pad 29 smd rect (at 8.625 7.825) (size 1.5 0.9) (layers F.Cu F.Paste F.Mask)
      (net 34 /IO35))
    (pad 28 smd rect (at 8.625 9.325) (size 1.5 0.9) (layers F.Cu F.Paste F.Mask)
      (net 33 /IO34))
    (pad 27 smd rect (at 8.625 10.825) (size 1.5 0.9) (layers F.Cu F.Paste F.Mask)
      (net 32 /IO33))
    (pad 26 smd rect (at 6.75 11.475) (size 0.9 1.5) (layers F.Cu F.Paste F.Mask)
      (net 1 GND))
    (pad 25 smd rect (at 5.25 11.475) (size 0.9 1.5) (layers F.Cu F.Paste F.Mask)
      (net 51 "Net-(U1-Pad25)"))
    (pad 39 smd rect (at 8.625 -7.175) (size 1.5 0.9) (layers F.Cu F.Paste F.Mask)
      (net 52 "Net-(U1-Pad39)"))
    (pad 40 smd rect (at 8.625 -8.775) (size 1.5 0.9) (layers F.Cu F.Paste F.Mask)
      (net 44 /BOOT_LOG))
    (pad 41 smd rect (at 8.625 -10.275) (size 1.5 0.9) (layers F.Cu F.Paste F.Mask)
      (net 3 /EN))
    (pad 42 smd rect (at 8.625 -11.675) (size 1.5 0.9) (layers F.Cu F.Paste F.Mask)
      (net 1 GND))
    (pad 43 smd rect (at -1.19 -3.735) (size 4.1 4.1) (layers F.Cu F.Paste F.Mask)
      (net 1 GND))
    (model ${KISYS3DMOD}/RF_Module.3dshapes/ESP32-S2-WROVER.wrl
      (at (xyz 0 0 0))
      (scale (xyz 1 1 1))
      (rotate (xyz 0 0 0))
    )
  )

  (module Resistor_SMD:R_0402_1005Metric (layer B.Cu) (tedit 5F68FEEE) (tstamp 5F9926F9)
    (at 187.51 92.5)
    (descr "Resistor SMD 0402 (1005 Metric), square (rectangular) end terminal, IPC_7351 nominal, (Body size source: IPC-SM-782 page 72, https://www.pcb-3d.com/wordpress/wp-content/uploads/ipc-sm-782a_amendment_1_and_2.pdf), generated with kicad-footprint-generator")
    (tags resistor)
    (path /5F9FBFC2)
    (attr smd)
    (fp_text reference R36 (at -0.01 -1) (layer B.SilkS)
      (effects (font (size 0.4 0.4) (thickness 0.1)) (justify mirror))
    )
    (fp_text value 0 (at 0 -1.17) (layer B.Fab)
      (effects (font (size 1 1) (thickness 0.15)) (justify mirror))
    )
    (fp_text user %R (at 0 0) (layer B.Fab)
      (effects (font (size 0.4 0.4) (thickness 0.1)) (justify mirror))
    )
    (fp_line (start -0.525 -0.27) (end -0.525 0.27) (layer B.Fab) (width 0.1))
    (fp_line (start -0.525 0.27) (end 0.525 0.27) (layer B.Fab) (width 0.1))
    (fp_line (start 0.525 0.27) (end 0.525 -0.27) (layer B.Fab) (width 0.1))
    (fp_line (start 0.525 -0.27) (end -0.525 -0.27) (layer B.Fab) (width 0.1))
    (fp_line (start -0.153641 0.38) (end 0.153641 0.38) (layer B.SilkS) (width 0.12))
    (fp_line (start -0.153641 -0.38) (end 0.153641 -0.38) (layer B.SilkS) (width 0.12))
    (fp_line (start -0.93 -0.47) (end -0.93 0.47) (layer B.CrtYd) (width 0.05))
    (fp_line (start -0.93 0.47) (end 0.93 0.47) (layer B.CrtYd) (width 0.05))
    (fp_line (start 0.93 0.47) (end 0.93 -0.47) (layer B.CrtYd) (width 0.05))
    (fp_line (start 0.93 -0.47) (end -0.93 -0.47) (layer B.CrtYd) (width 0.05))
    (pad 2 smd roundrect (at 0.51 0) (size 0.54 0.64) (layers B.Cu B.Paste B.Mask) (roundrect_rratio 0.25)
      (net 48 "Net-(R30-Pad2)"))
    (pad 1 smd roundrect (at -0.51 0) (size 0.54 0.64) (layers B.Cu B.Paste B.Mask) (roundrect_rratio 0.25)
      (net 31 /IO9))
    (model ${KISYS3DMOD}/Resistor_SMD.3dshapes/R_0402_1005Metric.wrl
      (at (xyz 0 0 0))
      (scale (xyz 1 1 1))
      (rotate (xyz 0 0 0))
    )
  )

  (module Resistor_SMD:R_0402_1005Metric (layer B.Cu) (tedit 5F68FEEE) (tstamp 5F9926E8)
    (at 188.5 84.5)
    (descr "Resistor SMD 0402 (1005 Metric), square (rectangular) end terminal, IPC_7351 nominal, (Body size source: IPC-SM-782 page 72, https://www.pcb-3d.com/wordpress/wp-content/uploads/ipc-sm-782a_amendment_1_and_2.pdf), generated with kicad-footprint-generator")
    (tags resistor)
    (path /5F9FC56A)
    (attr smd)
    (fp_text reference R35 (at 0 1) (layer B.SilkS)
      (effects (font (size 0.4 0.4) (thickness 0.1)) (justify mirror))
    )
    (fp_text value 0 (at 0 -1.17) (layer B.Fab)
      (effects (font (size 1 1) (thickness 0.15)) (justify mirror))
    )
    (fp_text user %R (at 0 0) (layer B.Fab)
      (effects (font (size 0.4 0.4) (thickness 0.1)) (justify mirror))
    )
    (fp_line (start -0.525 -0.27) (end -0.525 0.27) (layer B.Fab) (width 0.1))
    (fp_line (start -0.525 0.27) (end 0.525 0.27) (layer B.Fab) (width 0.1))
    (fp_line (start 0.525 0.27) (end 0.525 -0.27) (layer B.Fab) (width 0.1))
    (fp_line (start 0.525 -0.27) (end -0.525 -0.27) (layer B.Fab) (width 0.1))
    (fp_line (start -0.153641 0.38) (end 0.153641 0.38) (layer B.SilkS) (width 0.12))
    (fp_line (start -0.153641 -0.38) (end 0.153641 -0.38) (layer B.SilkS) (width 0.12))
    (fp_line (start -0.93 -0.47) (end -0.93 0.47) (layer B.CrtYd) (width 0.05))
    (fp_line (start -0.93 0.47) (end 0.93 0.47) (layer B.CrtYd) (width 0.05))
    (fp_line (start 0.93 0.47) (end 0.93 -0.47) (layer B.CrtYd) (width 0.05))
    (fp_line (start 0.93 -0.47) (end -0.93 -0.47) (layer B.CrtYd) (width 0.05))
    (pad 2 smd roundrect (at 0.51 0) (size 0.54 0.64) (layers B.Cu B.Paste B.Mask) (roundrect_rratio 0.25)
      (net 50 "Net-(R33-Pad1)"))
    (pad 1 smd roundrect (at -0.51 0) (size 0.54 0.64) (layers B.Cu B.Paste B.Mask) (roundrect_rratio 0.25)
      (net 30 /IO10))
    (model ${KISYS3DMOD}/Resistor_SMD.3dshapes/R_0402_1005Metric.wrl
      (at (xyz 0 0 0))
      (scale (xyz 1 1 1))
      (rotate (xyz 0 0 0))
    )
  )

  (module Resistor_SMD:R_0402_1005Metric (layer B.Cu) (tedit 5F68FEEE) (tstamp 5F993008)
    (at 190.5 82.5 180)
    (descr "Resistor SMD 0402 (1005 Metric), square (rectangular) end terminal, IPC_7351 nominal, (Body size source: IPC-SM-782 page 72, https://www.pcb-3d.com/wordpress/wp-content/uploads/ipc-sm-782a_amendment_1_and_2.pdf), generated with kicad-footprint-generator")
    (tags resistor)
    (path /5F9FA379)
    (attr smd)
    (fp_text reference R34 (at 0 -1) (layer B.SilkS)
      (effects (font (size 0.4 0.4) (thickness 0.1)) (justify mirror))
    )
    (fp_text value 10k (at 0 -1.17) (layer B.Fab)
      (effects (font (size 1 1) (thickness 0.15)) (justify mirror))
    )
    (fp_text user %R (at 0 0) (layer B.Fab)
      (effects (font (size 0.4 0.4) (thickness 0.1)) (justify mirror))
    )
    (fp_line (start -0.525 -0.27) (end -0.525 0.27) (layer B.Fab) (width 0.1))
    (fp_line (start -0.525 0.27) (end 0.525 0.27) (layer B.Fab) (width 0.1))
    (fp_line (start 0.525 0.27) (end 0.525 -0.27) (layer B.Fab) (width 0.1))
    (fp_line (start 0.525 -0.27) (end -0.525 -0.27) (layer B.Fab) (width 0.1))
    (fp_line (start -0.153641 0.38) (end 0.153641 0.38) (layer B.SilkS) (width 0.12))
    (fp_line (start -0.153641 -0.38) (end 0.153641 -0.38) (layer B.SilkS) (width 0.12))
    (fp_line (start -0.93 -0.47) (end -0.93 0.47) (layer B.CrtYd) (width 0.05))
    (fp_line (start -0.93 0.47) (end 0.93 0.47) (layer B.CrtYd) (width 0.05))
    (fp_line (start 0.93 0.47) (end 0.93 -0.47) (layer B.CrtYd) (width 0.05))
    (fp_line (start 0.93 -0.47) (end -0.93 -0.47) (layer B.CrtYd) (width 0.05))
    (pad 2 smd roundrect (at 0.51 0 180) (size 0.54 0.64) (layers B.Cu B.Paste B.Mask) (roundrect_rratio 0.25)
      (net 50 "Net-(R33-Pad1)"))
    (pad 1 smd roundrect (at -0.51 0 180) (size 0.54 0.64) (layers B.Cu B.Paste B.Mask) (roundrect_rratio 0.25)
      (net 20 /VBAT))
    (model ${KISYS3DMOD}/Resistor_SMD.3dshapes/R_0402_1005Metric.wrl
      (at (xyz 0 0 0))
      (scale (xyz 1 1 1))
      (rotate (xyz 0 0 0))
    )
  )

  (module Resistor_SMD:R_0402_1005Metric (layer B.Cu) (tedit 5F68FEEE) (tstamp 5F9926C6)
    (at 188.5 82.5 180)
    (descr "Resistor SMD 0402 (1005 Metric), square (rectangular) end terminal, IPC_7351 nominal, (Body size source: IPC-SM-782 page 72, https://www.pcb-3d.com/wordpress/wp-content/uploads/ipc-sm-782a_amendment_1_and_2.pdf), generated with kicad-footprint-generator")
    (tags resistor)
    (path /5F9F9DE5)
    (attr smd)
    (fp_text reference R33 (at 0 -1) (layer B.SilkS)
      (effects (font (size 0.4 0.4) (thickness 0.1)) (justify mirror))
    )
    (fp_text value 1k (at 0 -1.17) (layer B.Fab)
      (effects (font (size 1 1) (thickness 0.15)) (justify mirror))
    )
    (fp_text user %R (at 0 0) (layer B.Fab)
      (effects (font (size 0.4 0.4) (thickness 0.1)) (justify mirror))
    )
    (fp_line (start -0.525 -0.27) (end -0.525 0.27) (layer B.Fab) (width 0.1))
    (fp_line (start -0.525 0.27) (end 0.525 0.27) (layer B.Fab) (width 0.1))
    (fp_line (start 0.525 0.27) (end 0.525 -0.27) (layer B.Fab) (width 0.1))
    (fp_line (start 0.525 -0.27) (end -0.525 -0.27) (layer B.Fab) (width 0.1))
    (fp_line (start -0.153641 0.38) (end 0.153641 0.38) (layer B.SilkS) (width 0.12))
    (fp_line (start -0.153641 -0.38) (end 0.153641 -0.38) (layer B.SilkS) (width 0.12))
    (fp_line (start -0.93 -0.47) (end -0.93 0.47) (layer B.CrtYd) (width 0.05))
    (fp_line (start -0.93 0.47) (end 0.93 0.47) (layer B.CrtYd) (width 0.05))
    (fp_line (start 0.93 0.47) (end 0.93 -0.47) (layer B.CrtYd) (width 0.05))
    (fp_line (start 0.93 -0.47) (end -0.93 -0.47) (layer B.CrtYd) (width 0.05))
    (pad 2 smd roundrect (at 0.51 0 180) (size 0.54 0.64) (layers B.Cu B.Paste B.Mask) (roundrect_rratio 0.25)
      (net 1 GND))
    (pad 1 smd roundrect (at -0.51 0 180) (size 0.54 0.64) (layers B.Cu B.Paste B.Mask) (roundrect_rratio 0.25)
      (net 50 "Net-(R33-Pad1)"))
    (model ${KISYS3DMOD}/Resistor_SMD.3dshapes/R_0402_1005Metric.wrl
      (at (xyz 0 0 0))
      (scale (xyz 1 1 1))
      (rotate (xyz 0 0 0))
    )
  )

  (module Resistor_SMD:R_0402_1005Metric (layer B.Cu) (tedit 5F68FEEE) (tstamp 5F9939C2)
    (at 191.5 93.5 180)
    (descr "Resistor SMD 0402 (1005 Metric), square (rectangular) end terminal, IPC_7351 nominal, (Body size source: IPC-SM-782 page 72, https://www.pcb-3d.com/wordpress/wp-content/uploads/ipc-sm-782a_amendment_1_and_2.pdf), generated with kicad-footprint-generator")
    (tags resistor)
    (path /5F9F97DF)
    (attr smd)
    (fp_text reference R32 (at 0 -1) (layer B.SilkS)
      (effects (font (size 0.4 0.4) (thickness 0.1)) (justify mirror))
    )
    (fp_text value 1k (at 0 -1.17) (layer B.Fab)
      (effects (font (size 1 1) (thickness 0.15)) (justify mirror))
    )
    (fp_text user %R (at 0 0) (layer B.Fab)
      (effects (font (size 0.4 0.4) (thickness 0.1)) (justify mirror))
    )
    (fp_line (start -0.525 -0.27) (end -0.525 0.27) (layer B.Fab) (width 0.1))
    (fp_line (start -0.525 0.27) (end 0.525 0.27) (layer B.Fab) (width 0.1))
    (fp_line (start 0.525 0.27) (end 0.525 -0.27) (layer B.Fab) (width 0.1))
    (fp_line (start 0.525 -0.27) (end -0.525 -0.27) (layer B.Fab) (width 0.1))
    (fp_line (start -0.153641 0.38) (end 0.153641 0.38) (layer B.SilkS) (width 0.12))
    (fp_line (start -0.153641 -0.38) (end 0.153641 -0.38) (layer B.SilkS) (width 0.12))
    (fp_line (start -0.93 -0.47) (end -0.93 0.47) (layer B.CrtYd) (width 0.05))
    (fp_line (start -0.93 0.47) (end 0.93 0.47) (layer B.CrtYd) (width 0.05))
    (fp_line (start 0.93 0.47) (end 0.93 -0.47) (layer B.CrtYd) (width 0.05))
    (fp_line (start 0.93 -0.47) (end -0.93 -0.47) (layer B.CrtYd) (width 0.05))
    (pad 2 smd roundrect (at 0.51 0 180) (size 0.54 0.64) (layers B.Cu B.Paste B.Mask) (roundrect_rratio 0.25)
      (net 49 "Net-(R31-Pad1)"))
    (pad 1 smd roundrect (at -0.51 0 180) (size 0.54 0.64) (layers B.Cu B.Paste B.Mask) (roundrect_rratio 0.25)
      (net 27 /VI))
    (model ${KISYS3DMOD}/Resistor_SMD.3dshapes/R_0402_1005Metric.wrl
      (at (xyz 0 0 0))
      (scale (xyz 1 1 1))
      (rotate (xyz 0 0 0))
    )
  )

  (module Resistor_SMD:R_0402_1005Metric (layer B.Cu) (tedit 5F68FEEE) (tstamp 5F9926A4)
    (at 189.5 93.5 180)
    (descr "Resistor SMD 0402 (1005 Metric), square (rectangular) end terminal, IPC_7351 nominal, (Body size source: IPC-SM-782 page 72, https://www.pcb-3d.com/wordpress/wp-content/uploads/ipc-sm-782a_amendment_1_and_2.pdf), generated with kicad-footprint-generator")
    (tags resistor)
    (path /5F9F9268)
    (attr smd)
    (fp_text reference R31 (at 0 -1) (layer B.SilkS)
      (effects (font (size 0.4 0.4) (thickness 0.1)) (justify mirror))
    )
    (fp_text value 1k (at 0 -1.17) (layer B.Fab)
      (effects (font (size 1 1) (thickness 0.15)) (justify mirror))
    )
    (fp_text user %R (at 0 0) (layer B.Fab)
      (effects (font (size 0.4 0.4) (thickness 0.1)) (justify mirror))
    )
    (fp_line (start -0.525 -0.27) (end -0.525 0.27) (layer B.Fab) (width 0.1))
    (fp_line (start -0.525 0.27) (end 0.525 0.27) (layer B.Fab) (width 0.1))
    (fp_line (start 0.525 0.27) (end 0.525 -0.27) (layer B.Fab) (width 0.1))
    (fp_line (start 0.525 -0.27) (end -0.525 -0.27) (layer B.Fab) (width 0.1))
    (fp_line (start -0.153641 0.38) (end 0.153641 0.38) (layer B.SilkS) (width 0.12))
    (fp_line (start -0.153641 -0.38) (end 0.153641 -0.38) (layer B.SilkS) (width 0.12))
    (fp_line (start -0.93 -0.47) (end -0.93 0.47) (layer B.CrtYd) (width 0.05))
    (fp_line (start -0.93 0.47) (end 0.93 0.47) (layer B.CrtYd) (width 0.05))
    (fp_line (start 0.93 0.47) (end 0.93 -0.47) (layer B.CrtYd) (width 0.05))
    (fp_line (start 0.93 -0.47) (end -0.93 -0.47) (layer B.CrtYd) (width 0.05))
    (pad 2 smd roundrect (at 0.51 0 180) (size 0.54 0.64) (layers B.Cu B.Paste B.Mask) (roundrect_rratio 0.25)
      (net 48 "Net-(R30-Pad2)"))
    (pad 1 smd roundrect (at -0.51 0 180) (size 0.54 0.64) (layers B.Cu B.Paste B.Mask) (roundrect_rratio 0.25)
      (net 49 "Net-(R31-Pad1)"))
    (model ${KISYS3DMOD}/Resistor_SMD.3dshapes/R_0402_1005Metric.wrl
      (at (xyz 0 0 0))
      (scale (xyz 1 1 1))
      (rotate (xyz 0 0 0))
    )
  )

  (module Resistor_SMD:R_0402_1005Metric (layer B.Cu) (tedit 5F68FEEE) (tstamp 5F992693)
    (at 187.5 93.5)
    (descr "Resistor SMD 0402 (1005 Metric), square (rectangular) end terminal, IPC_7351 nominal, (Body size source: IPC-SM-782 page 72, https://www.pcb-3d.com/wordpress/wp-content/uploads/ipc-sm-782a_amendment_1_and_2.pdf), generated with kicad-footprint-generator")
    (tags resistor)
    (path /5F9F6F63)
    (attr smd)
    (fp_text reference R30 (at 0 1) (layer B.SilkS)
      (effects (font (size 0.4 0.4) (thickness 0.1)) (justify mirror))
    )
    (fp_text value 1k (at 0 -1.17) (layer B.Fab)
      (effects (font (size 1 1) (thickness 0.15)) (justify mirror))
    )
    (fp_text user %R (at 0 0) (layer B.Fab)
      (effects (font (size 0.4 0.4) (thickness 0.1)) (justify mirror))
    )
    (fp_line (start -0.525 -0.27) (end -0.525 0.27) (layer B.Fab) (width 0.1))
    (fp_line (start -0.525 0.27) (end 0.525 0.27) (layer B.Fab) (width 0.1))
    (fp_line (start 0.525 0.27) (end 0.525 -0.27) (layer B.Fab) (width 0.1))
    (fp_line (start 0.525 -0.27) (end -0.525 -0.27) (layer B.Fab) (width 0.1))
    (fp_line (start -0.153641 0.38) (end 0.153641 0.38) (layer B.SilkS) (width 0.12))
    (fp_line (start -0.153641 -0.38) (end 0.153641 -0.38) (layer B.SilkS) (width 0.12))
    (fp_line (start -0.93 -0.47) (end -0.93 0.47) (layer B.CrtYd) (width 0.05))
    (fp_line (start -0.93 0.47) (end 0.93 0.47) (layer B.CrtYd) (width 0.05))
    (fp_line (start 0.93 0.47) (end 0.93 -0.47) (layer B.CrtYd) (width 0.05))
    (fp_line (start 0.93 -0.47) (end -0.93 -0.47) (layer B.CrtYd) (width 0.05))
    (pad 2 smd roundrect (at 0.51 0) (size 0.54 0.64) (layers B.Cu B.Paste B.Mask) (roundrect_rratio 0.25)
      (net 48 "Net-(R30-Pad2)"))
    (pad 1 smd roundrect (at -0.51 0) (size 0.54 0.64) (layers B.Cu B.Paste B.Mask) (roundrect_rratio 0.25)
      (net 1 GND))
    (model ${KISYS3DMOD}/Resistor_SMD.3dshapes/R_0402_1005Metric.wrl
      (at (xyz 0 0 0))
      (scale (xyz 1 1 1))
      (rotate (xyz 0 0 0))
    )
  )

  (module Resistor_SMD:R_0402_1005Metric (layer B.Cu) (tedit 5F68FEEE) (tstamp 5F992682)
    (at 187 96.5)
    (descr "Resistor SMD 0402 (1005 Metric), square (rectangular) end terminal, IPC_7351 nominal, (Body size source: IPC-SM-782 page 72, https://www.pcb-3d.com/wordpress/wp-content/uploads/ipc-sm-782a_amendment_1_and_2.pdf), generated with kicad-footprint-generator")
    (tags resistor)
    (path /5F9B3071)
    (attr smd)
    (fp_text reference R18 (at 0 1) (layer B.SilkS)
      (effects (font (size 0.4 0.4) (thickness 0.1)) (justify mirror))
    )
    (fp_text value 10k (at 0 -1.17) (layer B.Fab)
      (effects (font (size 1 1) (thickness 0.15)) (justify mirror))
    )
    (fp_text user %R (at 0 0) (layer B.Fab)
      (effects (font (size 0.4 0.4) (thickness 0.1)) (justify mirror))
    )
    (fp_line (start -0.525 -0.27) (end -0.525 0.27) (layer B.Fab) (width 0.1))
    (fp_line (start -0.525 0.27) (end 0.525 0.27) (layer B.Fab) (width 0.1))
    (fp_line (start 0.525 0.27) (end 0.525 -0.27) (layer B.Fab) (width 0.1))
    (fp_line (start 0.525 -0.27) (end -0.525 -0.27) (layer B.Fab) (width 0.1))
    (fp_line (start -0.153641 0.38) (end 0.153641 0.38) (layer B.SilkS) (width 0.12))
    (fp_line (start -0.153641 -0.38) (end 0.153641 -0.38) (layer B.SilkS) (width 0.12))
    (fp_line (start -0.93 -0.47) (end -0.93 0.47) (layer B.CrtYd) (width 0.05))
    (fp_line (start -0.93 0.47) (end 0.93 0.47) (layer B.CrtYd) (width 0.05))
    (fp_line (start 0.93 0.47) (end 0.93 -0.47) (layer B.CrtYd) (width 0.05))
    (fp_line (start 0.93 -0.47) (end -0.93 -0.47) (layer B.CrtYd) (width 0.05))
    (pad 2 smd roundrect (at 0.51 0) (size 0.54 0.64) (layers B.Cu B.Paste B.Mask) (roundrect_rratio 0.25)
      (net 21 /IO18))
    (pad 1 smd roundrect (at -0.51 0) (size 0.54 0.64) (layers B.Cu B.Paste B.Mask) (roundrect_rratio 0.25)
      (net 2 +3V3))
    (model ${KISYS3DMOD}/Resistor_SMD.3dshapes/R_0402_1005Metric.wrl
      (at (xyz 0 0 0))
      (scale (xyz 1 1 1))
      (rotate (xyz 0 0 0))
    )
  )

  (module Resistor_SMD:R_0402_1005Metric (layer F.Cu) (tedit 5F68FEEE) (tstamp 5F99307A)
    (at 192.25 94.4 90)
    (descr "Resistor SMD 0402 (1005 Metric), square (rectangular) end terminal, IPC_7351 nominal, (Body size source: IPC-SM-782 page 72, https://www.pcb-3d.com/wordpress/wp-content/uploads/ipc-sm-782a_amendment_1_and_2.pdf), generated with kicad-footprint-generator")
    (tags resistor)
    (path /5F9BB373)
    (attr smd)
    (fp_text reference R11 (at 0.4 1.25 180) (layer F.SilkS)
      (effects (font (size 0.4 0.4) (thickness 0.1)))
    )
    (fp_text value 0 (at 0 1.17 90) (layer F.Fab)
      (effects (font (size 1 1) (thickness 0.15)))
    )
    (fp_text user %R (at 0 0 90) (layer F.Fab)
      (effects (font (size 0.4 0.4) (thickness 0.1)))
    )
    (fp_line (start -0.525 0.27) (end -0.525 -0.27) (layer F.Fab) (width 0.1))
    (fp_line (start -0.525 -0.27) (end 0.525 -0.27) (layer F.Fab) (width 0.1))
    (fp_line (start 0.525 -0.27) (end 0.525 0.27) (layer F.Fab) (width 0.1))
    (fp_line (start 0.525 0.27) (end -0.525 0.27) (layer F.Fab) (width 0.1))
    (fp_line (start -0.153641 -0.38) (end 0.153641 -0.38) (layer F.SilkS) (width 0.12))
    (fp_line (start -0.153641 0.38) (end 0.153641 0.38) (layer F.SilkS) (width 0.12))
    (fp_line (start -0.93 0.47) (end -0.93 -0.47) (layer F.CrtYd) (width 0.05))
    (fp_line (start -0.93 -0.47) (end 0.93 -0.47) (layer F.CrtYd) (width 0.05))
    (fp_line (start 0.93 -0.47) (end 0.93 0.47) (layer F.CrtYd) (width 0.05))
    (fp_line (start 0.93 0.47) (end -0.93 0.47) (layer F.CrtYd) (width 0.05))
    (pad 2 smd roundrect (at 0.51 0 90) (size 0.54 0.64) (layers F.Cu F.Paste F.Mask) (roundrect_rratio 0.25)
      (net 47 /USB_D0+))
    (pad 1 smd roundrect (at -0.51 0 90) (size 0.54 0.64) (layers F.Cu F.Paste F.Mask) (roundrect_rratio 0.25)
      (net 6 /USB_D1+))
    (model ${KISYS3DMOD}/Resistor_SMD.3dshapes/R_0402_1005Metric.wrl
      (at (xyz 0 0 0))
      (scale (xyz 1 1 1))
      (rotate (xyz 0 0 0))
    )
  )

  (module Resistor_SMD:R_0402_1005Metric (layer F.Cu) (tedit 5F68FEEE) (tstamp 5F992FA6)
    (at 190.75 94.4 90)
    (descr "Resistor SMD 0402 (1005 Metric), square (rectangular) end terminal, IPC_7351 nominal, (Body size source: IPC-SM-782 page 72, https://www.pcb-3d.com/wordpress/wp-content/uploads/ipc-sm-782a_amendment_1_and_2.pdf), generated with kicad-footprint-generator")
    (tags resistor)
    (path /5F9BB976)
    (attr smd)
    (fp_text reference R10 (at 0.4 -1.17 180) (layer F.SilkS)
      (effects (font (size 0.4 0.4) (thickness 0.1)))
    )
    (fp_text value 0 (at 0 1.17 90) (layer F.Fab)
      (effects (font (size 1 1) (thickness 0.15)))
    )
    (fp_text user %R (at 0 0 90) (layer F.Fab)
      (effects (font (size 0.4 0.4) (thickness 0.1)))
    )
    (fp_line (start -0.525 0.27) (end -0.525 -0.27) (layer F.Fab) (width 0.1))
    (fp_line (start -0.525 -0.27) (end 0.525 -0.27) (layer F.Fab) (width 0.1))
    (fp_line (start 0.525 -0.27) (end 0.525 0.27) (layer F.Fab) (width 0.1))
    (fp_line (start 0.525 0.27) (end -0.525 0.27) (layer F.Fab) (width 0.1))
    (fp_line (start -0.153641 -0.38) (end 0.153641 -0.38) (layer F.SilkS) (width 0.12))
    (fp_line (start -0.153641 0.38) (end 0.153641 0.38) (layer F.SilkS) (width 0.12))
    (fp_line (start -0.93 0.47) (end -0.93 -0.47) (layer F.CrtYd) (width 0.05))
    (fp_line (start -0.93 -0.47) (end 0.93 -0.47) (layer F.CrtYd) (width 0.05))
    (fp_line (start 0.93 -0.47) (end 0.93 0.47) (layer F.CrtYd) (width 0.05))
    (fp_line (start 0.93 0.47) (end -0.93 0.47) (layer F.CrtYd) (width 0.05))
    (pad 2 smd roundrect (at 0.51 0 90) (size 0.54 0.64) (layers F.Cu F.Paste F.Mask) (roundrect_rratio 0.25)
      (net 46 /USB_D0-))
    (pad 1 smd roundrect (at -0.51 0 90) (size 0.54 0.64) (layers F.Cu F.Paste F.Mask) (roundrect_rratio 0.25)
      (net 5 /USB_D1-))
    (model ${KISYS3DMOD}/Resistor_SMD.3dshapes/R_0402_1005Metric.wrl
      (at (xyz 0 0 0))
      (scale (xyz 1 1 1))
      (rotate (xyz 0 0 0))
    )
  )

  (module Resistor_SMD:R_0402_1005Metric (layer B.Cu) (tedit 5F68FEEE) (tstamp 5F993992)
    (at 198 75)
    (descr "Resistor SMD 0402 (1005 Metric), square (rectangular) end terminal, IPC_7351 nominal, (Body size source: IPC-SM-782 page 72, https://www.pcb-3d.com/wordpress/wp-content/uploads/ipc-sm-782a_amendment_1_and_2.pdf), generated with kicad-footprint-generator")
    (tags resistor)
    (path /5F9B44EF)
    (attr smd)
    (fp_text reference R4 (at 0 1) (layer B.SilkS)
      (effects (font (size 0.4 0.4) (thickness 0.1)) (justify mirror))
    )
    (fp_text value 0 (at 0 -1.17) (layer B.Fab)
      (effects (font (size 1 1) (thickness 0.15)) (justify mirror))
    )
    (fp_text user %R (at 0 0) (layer B.Fab)
      (effects (font (size 0.4 0.4) (thickness 0.1)) (justify mirror))
    )
    (fp_line (start -0.525 -0.27) (end -0.525 0.27) (layer B.Fab) (width 0.1))
    (fp_line (start -0.525 0.27) (end 0.525 0.27) (layer B.Fab) (width 0.1))
    (fp_line (start 0.525 0.27) (end 0.525 -0.27) (layer B.Fab) (width 0.1))
    (fp_line (start 0.525 -0.27) (end -0.525 -0.27) (layer B.Fab) (width 0.1))
    (fp_line (start -0.153641 0.38) (end 0.153641 0.38) (layer B.SilkS) (width 0.12))
    (fp_line (start -0.153641 -0.38) (end 0.153641 -0.38) (layer B.SilkS) (width 0.12))
    (fp_line (start -0.93 -0.47) (end -0.93 0.47) (layer B.CrtYd) (width 0.05))
    (fp_line (start -0.93 0.47) (end 0.93 0.47) (layer B.CrtYd) (width 0.05))
    (fp_line (start 0.93 0.47) (end 0.93 -0.47) (layer B.CrtYd) (width 0.05))
    (fp_line (start 0.93 -0.47) (end -0.93 -0.47) (layer B.CrtYd) (width 0.05))
    (pad 2 smd roundrect (at 0.51 0) (size 0.54 0.64) (layers B.Cu B.Paste B.Mask) (roundrect_rratio 0.25)
      (net 3 /EN))
    (pad 1 smd roundrect (at -0.51 0) (size 0.54 0.64) (layers B.Cu B.Paste B.Mask) (roundrect_rratio 0.25)
      (net 4 /RESET))
    (model ${KISYS3DMOD}/Resistor_SMD.3dshapes/R_0402_1005Metric.wrl
      (at (xyz 0 0 0))
      (scale (xyz 1 1 1))
      (rotate (xyz 0 0 0))
    )
  )

  (module Resistor_SMD:R_0402_1005Metric (layer B.Cu) (tedit 5F68FEEE) (tstamp 5F99263E)
    (at 193.5 75)
    (descr "Resistor SMD 0402 (1005 Metric), square (rectangular) end terminal, IPC_7351 nominal, (Body size source: IPC-SM-782 page 72, https://www.pcb-3d.com/wordpress/wp-content/uploads/ipc-sm-782a_amendment_1_and_2.pdf), generated with kicad-footprint-generator")
    (tags resistor)
    (path /5F98F1DB)
    (attr smd)
    (fp_text reference R3 (at 0 1) (layer B.SilkS)
      (effects (font (size 0.4 0.4) (thickness 0.1)) (justify mirror))
    )
    (fp_text value 10k (at 0 -1.17) (layer B.Fab)
      (effects (font (size 1 1) (thickness 0.15)) (justify mirror))
    )
    (fp_text user %R (at 0 0) (layer B.Fab)
      (effects (font (size 0.4 0.4) (thickness 0.1)) (justify mirror))
    )
    (fp_line (start -0.525 -0.27) (end -0.525 0.27) (layer B.Fab) (width 0.1))
    (fp_line (start -0.525 0.27) (end 0.525 0.27) (layer B.Fab) (width 0.1))
    (fp_line (start 0.525 0.27) (end 0.525 -0.27) (layer B.Fab) (width 0.1))
    (fp_line (start 0.525 -0.27) (end -0.525 -0.27) (layer B.Fab) (width 0.1))
    (fp_line (start -0.153641 0.38) (end 0.153641 0.38) (layer B.SilkS) (width 0.12))
    (fp_line (start -0.153641 -0.38) (end 0.153641 -0.38) (layer B.SilkS) (width 0.12))
    (fp_line (start -0.93 -0.47) (end -0.93 0.47) (layer B.CrtYd) (width 0.05))
    (fp_line (start -0.93 0.47) (end 0.93 0.47) (layer B.CrtYd) (width 0.05))
    (fp_line (start 0.93 0.47) (end 0.93 -0.47) (layer B.CrtYd) (width 0.05))
    (fp_line (start 0.93 -0.47) (end -0.93 -0.47) (layer B.CrtYd) (width 0.05))
    (pad 2 smd roundrect (at 0.51 0) (size 0.54 0.64) (layers B.Cu B.Paste B.Mask) (roundrect_rratio 0.25)
      (net 2 +3V3))
    (pad 1 smd roundrect (at -0.51 0) (size 0.54 0.64) (layers B.Cu B.Paste B.Mask) (roundrect_rratio 0.25)
      (net 3 /EN))
    (model ${KISYS3DMOD}/Resistor_SMD.3dshapes/R_0402_1005Metric.wrl
      (at (xyz 0 0 0))
      (scale (xyz 1 1 1))
      (rotate (xyz 0 0 0))
    )
  )

  (module Resistor_SMD:R_0402_1005Metric (layer F.Cu) (tedit 5F68FEEE) (tstamp 5F99B071)
    (at 197.6 97.25 270)
    (descr "Resistor SMD 0402 (1005 Metric), square (rectangular) end terminal, IPC_7351 nominal, (Body size source: IPC-SM-782 page 72, https://www.pcb-3d.com/wordpress/wp-content/uploads/ipc-sm-782a_amendment_1_and_2.pdf), generated with kicad-footprint-generator")
    (tags resistor)
    (path /5F990F26)
    (attr smd)
    (fp_text reference R2 (at 1.25 0.1 90) (layer F.SilkS)
      (effects (font (size 0.4 0.4) (thickness 0.1)))
    )
    (fp_text value 15 (at 0 1.17 90) (layer F.Fab)
      (effects (font (size 1 1) (thickness 0.15)))
    )
    (fp_text user %R (at 0 0 90) (layer F.Fab)
      (effects (font (size 0.4 0.4) (thickness 0.1)))
    )
    (fp_line (start -0.525 0.27) (end -0.525 -0.27) (layer F.Fab) (width 0.1))
    (fp_line (start -0.525 -0.27) (end 0.525 -0.27) (layer F.Fab) (width 0.1))
    (fp_line (start 0.525 -0.27) (end 0.525 0.27) (layer F.Fab) (width 0.1))
    (fp_line (start 0.525 0.27) (end -0.525 0.27) (layer F.Fab) (width 0.1))
    (fp_line (start -0.153641 -0.38) (end 0.153641 -0.38) (layer F.SilkS) (width 0.12))
    (fp_line (start -0.153641 0.38) (end 0.153641 0.38) (layer F.SilkS) (width 0.12))
    (fp_line (start -0.93 0.47) (end -0.93 -0.47) (layer F.CrtYd) (width 0.05))
    (fp_line (start -0.93 -0.47) (end 0.93 -0.47) (layer F.CrtYd) (width 0.05))
    (fp_line (start 0.93 -0.47) (end 0.93 0.47) (layer F.CrtYd) (width 0.05))
    (fp_line (start 0.93 0.47) (end -0.93 0.47) (layer F.CrtYd) (width 0.05))
    (pad 2 smd roundrect (at 0.51 0 270) (size 0.54 0.64) (layers F.Cu F.Paste F.Mask) (roundrect_rratio 0.25)
      (net 8 "Net-(D2-Pad2)"))
    (pad 1 smd roundrect (at -0.51 0 270) (size 0.54 0.64) (layers F.Cu F.Paste F.Mask) (roundrect_rratio 0.25)
      (net 2 +3V3))
    (model ${KISYS3DMOD}/Resistor_SMD.3dshapes/R_0402_1005Metric.wrl
      (at (xyz 0 0 0))
      (scale (xyz 1 1 1))
      (rotate (xyz 0 0 0))
    )
  )

  (module Resistor_SMD:R_0402_1005Metric (layer F.Cu) (tedit 5F68FEEE) (tstamp 5F99261C)
    (at 182.9 97.25 270)
